0.003341
0.010606
0.006035
0.021173
0.005227
0.017301
0.023037
0.016465
0.012281
0.015454
0.058347
0.033813
0.039233
0.029766
0.032927
0.034913
0.029013
0.035803
0.037303
0.034729
0.033679
0.032557
0.028931
0.036190
0.034503
0.037091
0.039436
0.035435
0.031469
0.029918
0.031288
0.035369
0.045116
0.038700
0.035100
0.034165
0.034352
0.030166
0.035923
0.035245
0.026599
0.031511
0.044568
0.037612
0.029838
0.035339
0.038713
0.034247
0.040134
0.032244
0.030519
0.027248
0.029772
0.026321
0.026071
0.025435
0.025970
0.032599
0.027425
0.027769
0.034106
0.030516
0.028008
0.027698
0.028409
0.028659
0.032228
0.037711
0.049278
0.042090
0.034197
0.037195
0.041227
0.058700
0.020103
0.048800
0.054696
0.004628
0.061827
0.058285
0.053589
0.062860
0.044026
0.043232
0.031665
0.046757
0.031378
0.033497
0.043155
0.044274
0.034161
0.032908
0.028995
0.030920
0.030573
0.028544
0.029635
0.026341
0.027873
0.035882
